[1] "Please he'lp' me!"
Please he'lp' me![1] "Please he'lp' me!"
Please he'lp' me![1] "Please he'lp' me!"
[1] "character"
[1] 3
Please he'lp' me![1] "please"
  [1] -2.47183092  0.03684017  1.25928449  2.83521485 -0.36349734
  [6]  0.22190044  1.06865424 -0.74068650  1.00332199  2.21076882
 [11] -0.80616505 -0.76975943 -1.08462768 -0.75639886  1.14560629
 [16] -0.35722005 -0.58024618  0.27892068 -0.62332462  0.32049900
 [21] -0.23073147 -0.37170694  0.11685603  2.17098686  0.39475421
 [26]  0.52355545 -0.06891064 -0.14258258  0.26641049 -0.64661828
 [31] -0.39648906  0.33199648 -0.11250414  0.91005176 -0.17655843
 [36] -0.38575830 -0.11625398  0.31974647 -0.76244962 -0.08286726
 [41]  1.20822771 -0.24720384 -0.67053461  0.53523644  0.93150539
 [46] -0.94353012 -0.64320790 -0.82701328  1.09170610 -1.77231497
 [51]  0.85806958  0.63192555  1.35843429  1.22196959  0.70034941
 [56] -0.13711347  1.10237637  1.33964316  0.41383799 -0.61180953
 [61]  0.94779031  0.12809617 -1.19927756 -0.08493049  0.71271515
 [66]  1.35138051 -1.05142007  1.24029974  1.37391427 -0.77608326
 [71] -1.22369323  0.41173487 -0.39125700  0.09959527 -0.54625346
 [76]  0.28284994 -1.02068212 -0.48784997  0.33883372 -1.40612931
 [81] -0.69709671  0.57360246 -0.62318019 -0.14152096 -0.10743304
 [86] -0.09128977  0.02157136  0.31142742 -1.27262444 -0.18945828
 [91]  0.04121382  0.18371950  0.96015429 -1.80279600 -0.44708812
 [96] -0.57777785 -0.57884760  0.46860074  0.75882330  1.35525215
